0.149000 7.109908e-05
0.149500 7.154808e-05
0.149800 7.156009e-05
0.148900 7.160745e-05
0.149700 7.179558e-05
0.150000 7.181408e-05
0.149300 7.189165e-05
0.150200 7.195956e-05
0.151200 7.197513e-05
0.150600 7.207549e-05
0.149600 7.213710e-05
0.151300 7.217006e-05
0.150100 7.222834e-05
0.148600 7.223734e-05
0.150300 7.228123e-05
0.151100 7.231179e-05
0.150500 7.234332e-05
0.149400 7.235951e-05
0.149100 7.236906e-05
0.150700 7.239553e-05
0.149900 7.240007e-05
0.150400 7.241609e-05
0.148300 7.247587e-05
0.150800 7.249157e-05
0.148500 7.249765e-05
0.148700 7.253360e-05
0.149200 7.253395e-05
0.150900 7.257335e-05
0.151500 7.267564e-05
0.148800 7.272625e-05
0.151800 7.273459e-05
0.151000 7.276211e-05
0.152300 7.278063e-05
0.148400 7.278374e-05
0.151600 7.284484e-05
0.152200 7.290406e-05
0.151400 7.290878e-05
0.152000 7.296236e-05
0.151700 7.303041e-05
0.152100 7.308886e-05
0.152700 7.313315e-05
0.148000 7.315687e-05
0.147700 7.316508e-05
0.147900 7.340992e-05
0.151900 7.341685e-05
0.152400 7.348710e-05
0.148200 7.348799e-05
0.152800 7.362363e-05
0.148100 7.363764e-05
0.152500 7.376537e-05
0.147200 7.383234e-05
0.152600 7.387601e-05
0.147800 7.388698e-05
0.152900 7.395703e-05
0.146800 7.396087e-05
0.147600 7.396224e-05
0.147500 7.406238e-05
0.147100 7.421661e-05
0.153000 7.423955e-05
0.153100 7.426380e-05
0.153200 7.427985e-05
0.147400 7.452276e-05
0.147300 7.456773e-05
0.146900 7.461606e-05
0.147000 7.466175e-05
0.146200 7.470905e-05
0.153800 7.477956e-05
0.153500 7.482333e-05
0.146700 7.503821e-05
0.153300 7.505964e-05
0.153400 7.508319e-05
0.153600 7.514206e-05
0.146400 7.520341e-05
0.146600 7.524733e-05
0.146500 7.529254e-05
0.146300 7.536125e-05
0.153700 7.538756e-05
0.153900 7.551023e-05
0.146000 7.560191e-05
0.154200 7.569956e-05
0.154000 7.579429e-05
0.145900 7.579603e-05
0.154100 7.581362e-05
0.146100 7.602924e-05
0.154600 7.608411e-05
0.145800 7.614493e-05
0.154500 7.615451e-05
0.145600 7.634321e-05
0.154300 7.639575e-05
0.154700 7.645895e-05
0.145400 7.653349e-05
0.154400 7.661221e-05
0.145500 7.674712e-05
0.145200 7.680912e-05
0.154800 7.689668e-05
0.145700 7.691684e-05
0.154900 7.735771e-05
0.155000 7.752826e-05
0.145300 7.803934e-05
0.145100 7.806885e-05
0.145000 7.828641e-05
