0.148000 2.880615e-05
0.146000 2.937935e-05
0.150000 3.167618e-05
0.144000 3.170196e-05
0.142000 3.249761e-05
0.140000 3.594119e-05
0.152000 3.668786e-05
0.138000 3.993480e-05
0.154000 4.094460e-05
0.136000 4.514757e-05
0.156000 4.883340e-05
0.134000 5.170020e-05
0.158000 5.726454e-05
0.132000 5.917855e-05
0.160000 6.658398e-05
0.130000 6.762310e-05
0.162000 7.520183e-05
0.128000 7.571206e-05
0.126000 8.819666e-05
0.164000 8.856675e-05
0.124000 9.752043e-05
0.166000 1.069987e-04
0.122000 1.105326e-04
0.168000 1.202891e-04
0.120000 1.245628e-04
0.118000 1.405858e-04
0.170000 1.450138e-04
0.116000 1.598675e-04
0.172000 1.747984e-04
0.114000 1.810898e-04
0.174000 1.995999e-04
0.112000 2.047294e-04
0.176000 2.196799e-04
0.110000 2.329397e-04
0.178000 2.454697e-04
0.108000 2.642765e-04
0.180000 2.863458e-04
0.106000 2.996977e-04
0.182000 3.223496e-04
0.104000 3.407364e-04
0.184000 3.543263e-04
0.102000 3.879353e-04
0.186000 3.957660e-04
0.188000 4.306768e-04
0.100000 4.411778e-04
0.190000 4.556553e-04
0.098000 5.040416e-04
0.192000 5.075030e-04
0.194000 5.496442e-04
0.096000 5.748161e-04
0.196000 5.964960e-04
0.198000 6.443154e-04
0.094000 6.579778e-04
0.200000 7.053032e-04
0.202000 7.538573e-04
0.092000 7.539020e-04
0.204000 8.089506e-04
0.090000 8.581808e-04
0.206000 8.824512e-04
0.208000 9.439545e-04
0.088000 9.816895e-04
0.210000 1.003755e-03
0.212000 1.073797e-03
0.086000 1.130308e-03
0.214000 1.162214e-03
0.216000 1.246884e-03
0.084000 1.294809e-03
0.218000 1.329530e-03
0.220000 1.426344e-03
0.082000 1.484554e-03
0.222000 1.494904e-03
0.224000 1.633853e-03
0.226000 1.700076e-03
0.080000 1.712303e-03
0.228000 1.837884e-03
0.230000 1.965571e-03
0.078000 1.978969e-03
0.232000 2.040005e-03
0.234000 2.150436e-03
0.236000 2.254322e-03
0.076000 2.282601e-03
0.238000 2.423718e-03
0.240000 2.566738e-03
0.074000 2.643160e-03
0.242000 2.694528e-03
0.244000 2.830821e-03
0.246000 2.936491e-03
0.248000 3.061183e-03
0.072000 3.073060e-03
0.250000 3.280760e-03
0.252000 3.385135e-03
0.070000 3.543584e-03
0.254000 3.586841e-03
0.256000 3.728682e-03
0.258000 3.918033e-03
0.260000 4.056775e-03
0.068000 4.117630e-03
0.262000 4.216758e-03
0.264000 4.406306e-03
0.266000 4.576646e-03
0.268000 4.776318e-03
0.066000 4.786963e-03
0.270000 4.894848e-03
0.272000 5.043914e-03
0.274000 5.259263e-03
0.276000 5.540172e-03
0.064000 5.574810e-03
0.278000 5.721065e-03
0.280000 5.908191e-03
0.282000 6.094137e-03
0.284000 6.355289e-03
0.062000 6.501763e-03
0.286000 6.632489e-03
0.288000 6.908054e-03
0.290000 7.185852e-03
0.292000 7.428267e-03
0.060000 7.537547e-03
0.294000 7.779528e-03
0.296000 8.001052e-03
0.298000 8.364574e-03
0.300000 8.702989e-03
0.058000 8.921944e-03
0.302000 9.041769e-03
0.304000 9.398224e-03
0.306000 9.781210e-03
0.308000 1.018654e-02
0.056000 1.033763e-02
0.310000 1.055096e-02
0.312000 1.103544e-02
0.314000 1.138587e-02
0.316000 1.203062e-02
0.054000 1.216513e-02
0.318000 1.260410e-02
0.320000 1.308712e-02
0.322000 1.361392e-02
0.324000 1.422517e-02
0.052000 1.430709e-02
0.326000 1.474298e-02
0.328000 1.544147e-02
0.330000 1.618635e-02
0.332000 1.688689e-02
0.050000 1.703554e-02
0.334000 1.781896e-02
0.336000 1.875458e-02
0.338000 2.000723e-02
0.048000 2.012660e-02
0.340000 2.081856e-02
0.342000 2.184447e-02
0.344000 2.350914e-02
0.046000 2.370070e-02
0.346000 2.454772e-02
0.348000 2.569532e-02
0.350000 2.681524e-02
0.352000 2.793610e-02
0.044000 2.805958e-02
0.354000 2.918414e-02
0.356000 3.054164e-02
0.358000 3.189322e-02
0.360000 3.311044e-02
0.042000 3.327689e-02
0.362000 3.396149e-02
0.364000 3.562174e-02
0.366000 3.667063e-02
0.368000 3.759188e-02
0.370000 3.922618e-02
0.040000 3.963945e-02
0.372000 4.011990e-02
0.374000 4.167234e-02
0.376000 4.398216e-02
0.378000 4.575710e-02
0.380000 4.702861e-02
0.038000 4.704505e-02
0.382000 4.836950e-02
0.384000 4.986524e-02
0.386000 5.425563e-02
0.036000 5.606154e-02
0.388000 5.745044e-02
0.390000 5.883679e-02
0.392000 6.077839e-02
0.394000 6.266953e-02
0.396000 6.477597e-02
0.034000 6.634170e-02
0.398000 6.691416e-02
0.400000 6.897072e-02
0.032000 7.837173e-02
0.030000 9.247364e-02
0.028000 1.094383e-01
0.026000 1.292782e-01
0.024000 1.522402e-01
0.022000 1.795386e-01
0.020000 2.103871e-01
0.018000 2.466823e-01
0.016000 2.899014e-01
0.014000 3.350317e-01
0.012000 3.875176e-01
0.010000 4.492302e-01
