0.148200 2.823551e-05
0.147800 2.855763e-05
0.147300 2.871255e-05
0.148000 2.880615e-05
0.147900 2.898663e-05
0.147500 2.898928e-05
0.145100 2.928402e-05
0.147200 2.932060e-05
0.146900 2.932823e-05
0.146000 2.937936e-05
0.146500 2.948004e-05
0.145900 2.953514e-05
0.146100 2.958811e-05
0.147400 2.959107e-05
0.147000 2.961795e-05
0.145400 2.965912e-05
0.145500 2.973608e-05
0.145000 2.976241e-05
0.148300 2.987837e-05
0.146600 2.991317e-05
0.146300 2.993172e-05
0.146800 2.993189e-05
0.145600 2.999793e-05
0.148100 3.001665e-05
0.145800 3.006940e-05
0.146400 3.007159e-05
0.147600 3.008663e-05
0.144600 3.009278e-05
0.145200 3.009853e-05
0.147100 3.016183e-05
0.144800 3.021748e-05
0.148600 3.022076e-05
0.148400 3.022290e-05
0.146700 3.028420e-05
0.144700 3.037029e-05
0.148900 3.038222e-05
0.149100 3.040239e-05
0.143600 3.041310e-05
0.145300 3.041608e-05
0.144400 3.043203e-05
0.144200 3.043442e-05
0.148700 3.055441e-05
0.148500 3.061480e-05
0.148800 3.065260e-05
0.144300 3.066030e-05
0.146200 3.081330e-05
0.147700 3.081636e-05
0.145700 3.086630e-05
0.149000 3.094249e-05
0.144900 3.100641e-05
0.143800 3.101429e-05
0.144500 3.114366e-05
0.143400 3.116294e-05
0.143900 3.127796e-05
0.149400 3.128385e-05
0.149300 3.133545e-05
0.143500 3.135166e-05
0.143300 3.136069e-05
0.149500 3.141329e-05
0.143700 3.156770e-05
0.144100 3.163003e-05
0.149700 3.167940e-05
0.144000 3.170196e-05
0.142900 3.172062e-05
0.142800 3.176441e-05
0.149200 3.186952e-05
0.142700 3.190768e-05
0.149600 3.193167e-05
0.149800 3.197266e-05
0.143100 3.198524e-05
0.143000 3.210915e-05
0.142200 3.229022e-05
0.149900 3.230837e-05
0.142000 3.249761e-05
0.142100 3.276622e-05
0.143200 3.276624e-05
0.141900 3.278670e-05
0.141800 3.286659e-05
0.142300 3.290797e-05
0.142500 3.298543e-05
0.141600 3.298816e-05
0.142400 3.332784e-05
0.142600 3.339169e-05
0.141700 3.348574e-05
0.141400 3.363291e-05
0.141500 3.382112e-05
0.141200 3.389669e-05
0.141300 3.401838e-05
0.140900 3.411859e-05
0.141100 3.439457e-05
0.141000 3.442275e-05
0.140600 3.486613e-05
0.140700 3.490921e-05
0.140800 3.501500e-05
0.140500 3.537786e-05
0.140400 3.538792e-05
0.140200 3.550738e-05
0.140100 3.572438e-05
0.140300 3.577181e-05
0.140000 3.594119e-05
