0.256500 2.101688e-05
0.252200 2.197818e-05
0.250700 2.258238e-05
0.252600 2.270369e-05
0.252100 2.271389e-05
0.251900 2.326881e-05
0.248800 2.328702e-05
0.250600 2.338025e-05
0.252900 2.350827e-05
0.248900 2.372388e-05
0.250500 2.380989e-05
0.249000 2.394297e-05
0.249800 2.434387e-05
0.253400 2.435948e-05
0.251600 2.439217e-05
0.251500 2.446978e-05
0.250900 2.463394e-05
0.251200 2.470835e-05
0.255700 2.487730e-05
0.255500 2.495431e-05
0.249100 2.502602e-05
0.249600 2.509808e-05
0.250000 2.511893e-05
0.251700 2.517646e-05
0.251000 2.527532e-05
0.251800 2.528426e-05
0.259500 2.529136e-05
0.256000 2.530163e-05
0.252400 2.534380e-05
0.253700 2.534962e-05
0.248600 2.537866e-05
0.252700 2.540046e-05
0.252800 2.541208e-05
0.247500 2.555249e-05
0.259100 2.558937e-05
0.254500 2.560342e-05
0.249900 2.561280e-05
0.256700 2.573095e-05
0.250100 2.574601e-05
0.250400 2.581309e-05
0.249400 2.595000e-05
0.242500 2.607592e-05
0.252500 2.609899e-05
0.249700 2.611376e-05
0.259200 2.627846e-05
0.255800 2.631270e-05
0.259800 2.661361e-05
0.252000 2.666513e-05
0.248000 2.676924e-05
0.257600 2.690157e-05
0.241800 2.693054e-05
0.252300 2.696014e-05
0.256100 2.696053e-05
0.254600 2.698022e-05
0.259000 2.703064e-05
0.258200 2.704582e-05
0.258800 2.708103e-05
0.259600 2.713245e-05
0.251300 2.717181e-05
0.249300 2.724431e-05
0.259700 2.726856e-05
0.253300 2.728153e-05
0.247700 2.734797e-05
0.254700 2.745119e-05
0.249200 2.745748e-05
0.246800 2.746786e-05
0.250300 2.747250e-05
0.249500 2.755721e-05
0.248500 2.756248e-05
0.251100 2.759384e-05
0.258600 2.759751e-05
0.247000 2.760710e-05
0.258900 2.762274e-05
0.256600 2.763567e-05
0.256800 2.769648e-05
0.258500 2.779317e-05
0.247600 2.779520e-05
0.259400 2.783460e-05
0.257300 2.792425e-05
0.256200 2.793599e-05
0.241600 2.795637e-05
0.254000 2.815833e-05
0.257500 2.818343e-05
0.254300 2.819765e-05
0.251400 2.823513e-05
0.248200 2.840374e-05
0.254100 2.848172e-05
0.253000 2.850013e-05
0.241900 2.859271e-05
0.258400 2.860913e-05
0.255400 2.863954e-05
0.255900 2.864476e-05
0.253200 2.865718e-05
0.245000 2.865910e-05
0.242600 2.876910e-05
0.247800 2.889468e-05
0.256400 2.891760e-05
0.256300 2.899599e-05
0.258700 2.914897e-05
0.250200 2.917032e-05
0.254400 2.917976e-05
0.253100 2.928120e-05
0.247200 2.937112e-05
0.248700 2.947463e-05
0.257900 2.960179e-05
0.245100 2.960911e-05
0.257000 2.962709e-05
0.241500 2.962761e-05
0.246900 2.977161e-05
0.253600 2.999888e-05
0.250800 3.005131e-05
0.257700 3.008327e-05
0.260000 3.008516e-05
0.240900 3.016916e-05
0.258300 3.035910e-05
0.253800 3.040046e-05
0.258000 3.047870e-05
0.259900 3.049729e-05
0.241100 3.066159e-05
0.255600 3.080205e-05
0.242100 3.094160e-05
0.241000 3.101592e-05
0.242300 3.103356e-05
0.257400 3.130548e-05
0.242900 3.131475e-05
0.246700 3.138403e-05
0.253900 3.152755e-05
0.245200 3.157045e-05
0.242200 3.165976e-05
0.241700 3.175685e-05
0.254200 3.177993e-05
0.247100 3.191011e-05
0.248300 3.198618e-05
0.258100 3.201356e-05
0.240600 3.208360e-05
0.255300 3.213737e-05
0.240300 3.217229e-05
0.257200 3.223844e-05
0.245300 3.246099e-05
0.256900 3.277019e-05
0.241400 3.279364e-05
0.244900 3.285207e-05
0.240000 3.309656e-05
0.257100 3.314911e-05
0.248100 3.317133e-05
0.255200 3.319743e-05
0.247900 3.320425e-05
0.248400 3.326037e-05
0.253500 3.329755e-05
0.240700 3.358923e-05
0.240400 3.409663e-05
0.241200 3.423650e-05
0.255100 3.470672e-05
0.242400 3.493494e-05
0.245700 3.549111e-05
0.246500 3.599656e-05
0.257800 3.603041e-05
0.246600 3.604738e-05
0.243200 3.614333e-05
0.240800 3.623084e-05
0.259300 3.623513e-05
0.240200 3.629563e-05
0.242800 3.670720e-05
0.240500 3.734051e-05
0.241300 3.785789e-05
0.243600 3.829462e-05
0.255000 3.932022e-05
0.243800 3.945640e-05
0.246100 3.977603e-05
0.246200 4.132443e-05
0.254900 4.146738e-05
0.245400 4.189072e-05
0.244400 4.240628e-05
0.244200 4.256730e-05
0.242700 4.291336e-05
0.247400 4.316067e-05
0.243900 4.389829e-05
0.244800 4.573471e-05
0.247300 4.620618e-05
0.243700 4.676456e-05
0.240100 4.700280e-05
0.244500 4.877050e-05
0.244700 4.890432e-05
0.246400 4.988148e-05
0.243100 5.000102e-05
0.244300 5.020301e-05
0.254800 5.083991e-05
0.243500 5.125440e-05
0.243000 5.220541e-05
0.244100 5.268655e-05
0.245500 5.454155e-05
0.242000 5.465998e-05
0.244000 5.492530e-05
0.246300 5.615145e-05
0.243400 5.996118e-05
0.245900 6.050502e-05
0.245600 6.061820e-05
0.244600 6.097752e-05
0.243300 6.331634e-05
0.245800 7.600126e-05
0.246000 9.010647e-05
