0.010000 4.038744e-01
0.012000 4.014172e-01
0.014000 3.860930e-01
0.016000 3.774012e-01
0.018000 3.593767e-01
0.020000 3.496076e-01
0.022000 3.227237e-01
0.024000 3.171864e-01
0.026000 2.979558e-01
0.028000 2.830615e-01
0.030000 2.605463e-01
0.032000 2.533055e-01
0.034000 2.246453e-01
0.036000 2.060514e-01
0.038000 1.854723e-01
0.040000 1.665711e-01
0.042000 1.472230e-01
0.044000 1.254833e-01
0.046000 1.081499e-01
0.048000 9.344171e-02
0.050000 8.006962e-02
0.052000 6.878387e-02
0.054000 5.899825e-02
0.056000 5.047103e-02
0.058000 4.305121e-02
0.060000 3.665054e-02
0.062000 3.125061e-02
0.064000 2.650656e-02
0.066000 2.238191e-02
0.068000 1.889227e-02
0.070000 1.600542e-02
0.072000 1.354557e-02
0.074000 1.147688e-02
0.076000 9.735626e-03
0.078000 8.321351e-03
0.080000 7.069404e-03
0.082000 6.018624e-03
0.084000 5.255925e-03
0.086000 4.538694e-03
0.088000 3.851609e-03
0.090000 3.313695e-03
0.092000 2.871677e-03
0.094000 2.471208e-03
0.096000 2.198363e-03
0.098000 1.913384e-03
0.100000 1.689809e-03
0.102000 1.479520e-03
0.104000 1.286216e-03
0.106000 1.124256e-03
0.108000 9.803910e-04
0.110000 8.515729e-04
0.112000 7.422679e-04
0.114000 6.456128e-04
0.116000 5.597887e-04
0.118000 4.850702e-04
0.120000 4.181463e-04
0.122000 3.611039e-04
0.124000 3.109823e-04
0.126000 2.687332e-04
0.128000 2.314355e-04
0.130000 1.993814e-04
0.132000 1.716561e-04
0.134000 1.482494e-04
0.136000 1.287114e-04
0.138000 1.123385e-04
0.140000 9.920263e-05
0.142000 8.884116e-05
0.144000 8.170458e-05
0.146000 7.560191e-05
0.148000 7.315687e-05
0.150000 7.181408e-05
0.152000 7.296236e-05
0.154000 7.579429e-05
0.156000 7.943390e-05
0.158000 8.771998e-05
0.160000 9.620133e-05
0.162000 1.082550e-04
0.164000 1.228047e-04
0.166000 1.400878e-04
0.168000 1.610282e-04
0.170000 1.841823e-04
0.172000 2.094378e-04
0.174000 2.403385e-04
0.176000 2.719198e-04
0.178000 3.112304e-04
0.180000 3.452399e-04
0.182000 3.900714e-04
0.184000 4.360388e-04
0.186000 4.739562e-04
0.188000 5.261227e-04
0.190000 5.735465e-04
0.192000 6.257875e-04
0.194000 6.880604e-04
0.196000 7.495601e-04
0.198000 8.150037e-04
0.200000 8.862652e-04
0.202000 9.598385e-04
0.204000 1.043925e-03
0.206000 1.133480e-03
0.208000 1.229483e-03
0.210000 1.325212e-03
0.212000 1.436412e-03
0.214000 1.547203e-03
0.216000 1.658001e-03
0.218000 1.777141e-03
0.220000 1.904546e-03
0.222000 2.028854e-03
0.224000 2.155461e-03
0.226000 2.287371e-03
0.228000 2.437736e-03
0.230000 2.565083e-03
0.232000 2.700653e-03
0.234000 2.859737e-03
0.236000 3.007934e-03
0.238000 3.183847e-03
0.240000 3.340988e-03
0.242000 3.478141e-03
0.244000 3.636536e-03
0.246000 3.791829e-03
0.248000 3.947035e-03
0.250000 4.127846e-03
0.252000 4.286407e-03
0.254000 4.471937e-03
0.256000 4.635549e-03
0.258000 4.789371e-03
0.260000 4.935238e-03
0.262000 5.100358e-03
0.264000 5.253822e-03
0.266000 5.440491e-03
0.268000 5.573985e-03
0.270000 5.722805e-03
0.272000 5.888342e-03
0.274000 6.085926e-03
0.276000 6.218434e-03
0.278000 6.470353e-03
0.280000 6.595646e-03
0.282000 6.771136e-03
0.284000 7.021571e-03
0.286000 7.163314e-03
0.288000 7.355945e-03
0.290000 7.541081e-03
0.292000 7.745453e-03
0.294000 7.997387e-03
0.296000 8.182018e-03
0.298000 8.473436e-03
0.300000 8.670264e-03
0.302000 8.951445e-03
0.304000 9.263485e-03
0.306000 9.556450e-03
0.308000 9.895257e-03
0.310000 1.015817e-02
0.312000 1.062102e-02
0.314000 1.089258e-02
0.316000 1.131854e-02
0.318000 1.168789e-02
0.320000 1.220566e-02
0.322000 1.262257e-02
0.324000 1.304406e-02
0.326000 1.360476e-02
0.328000 1.404545e-02
0.330000 1.461530e-02
0.332000 1.518829e-02
0.334000 1.563785e-02
0.336000 1.634116e-02
0.338000 1.693269e-02
0.340000 1.766713e-02
0.342000 1.831511e-02
0.344000 1.911555e-02
0.346000 1.986626e-02
0.348000 2.060543e-02
0.350000 2.151744e-02
0.352000 2.239140e-02
0.354000 2.323243e-02
0.356000 2.408268e-02
0.358000 2.509110e-02
0.360000 2.610949e-02
0.362000 2.711516e-02
0.364000 2.812209e-02
0.366000 2.935068e-02
0.368000 3.032467e-02
0.370000 3.161892e-02
0.372000 3.288876e-02
0.374000 3.416047e-02
0.376000 3.558956e-02
0.378000 3.696943e-02
0.380000 3.839217e-02
0.382000 3.989881e-02
0.384000 4.143488e-02
0.386000 4.287118e-02
0.388000 4.462186e-02
0.390000 4.628158e-02
0.392000 4.799315e-02
0.394000 4.978880e-02
0.396000 5.163313e-02
0.398000 5.346177e-02
0.400000 5.535929e-02
