0.250000 2.511893e-05
0.256000 2.530161e-05
0.252000 2.666513e-05
0.248000 2.676924e-05
0.254000 2.815833e-05
0.260000 3.008516e-05
0.258000 3.047870e-05
0.262000 3.118729e-05
0.238000 3.167585e-05
0.232000 3.241349e-05
0.228000 3.244437e-05
0.240000 3.309656e-05
0.236000 3.316215e-05
0.234000 3.428952e-05
0.230000 3.829949e-05
0.224000 4.036658e-05
0.226000 4.044014e-05
0.220000 4.089222e-05
0.268000 4.222979e-05
0.264000 4.374135e-05
0.266000 4.632124e-05
0.216000 4.723196e-05
0.218000 4.734595e-05
0.222000 4.828973e-05
0.270000 5.310937e-05
0.242000 5.465998e-05
0.244000 5.492529e-05
0.214000 5.575797e-05
0.212000 6.160809e-05
0.210000 6.185649e-05
0.202000 7.090766e-05
0.208000 7.363265e-05
0.200000 7.520049e-05
0.204000 7.549715e-05
0.206000 7.873437e-05
0.198000 7.917280e-05
0.272000 8.188995e-05
0.196000 8.548116e-05
0.194000 8.905967e-05
0.246000 9.010647e-05
0.276000 9.107953e-05
0.292000 9.814602e-05
0.288000 1.001272e-04
0.190000 1.010903e-04
0.278000 1.044925e-04
0.192000 1.046513e-04
0.282000 1.066521e-04
0.280000 1.082267e-04
0.188000 1.092957e-04
0.294000 1.109415e-04
0.290000 1.117925e-04
0.186000 1.204572e-04
0.274000 1.277401e-04
0.184000 1.304726e-04
0.296000 1.378426e-04
0.182000 1.419575e-04
0.180000 1.580674e-04
0.178000 1.770110e-04
0.298000 1.936188e-04
0.176000 1.937118e-04
0.302000 1.993969e-04
0.174000 2.134672e-04
0.300000 2.189718e-04
0.286000 2.239046e-04
0.172000 2.311470e-04
0.306000 2.344585e-04
0.170000 2.546527e-04
0.164000 2.672011e-04
0.168000 2.704438e-04
0.162000 2.849605e-04
0.166000 2.851510e-04
0.160000 3.037672e-04
0.284000 3.141642e-04
0.158000 3.188659e-04
0.304000 3.249356e-04
0.310000 3.410866e-04
0.308000 3.452198e-04
0.156000 3.508865e-04
0.154000 3.782813e-04
0.152000 4.104719e-04
0.320000 4.316682e-04
0.312000 4.346064e-04
0.150000 4.411087e-04
0.322000 4.760336e-04
0.148000 4.829123e-04
0.316000 4.902478e-04
0.318000 4.909749e-04
0.314000 5.216787e-04
0.146000 5.305147e-04
0.144000 5.711116e-04
0.142000 6.238086e-04
0.324000 6.547222e-04
0.140000 6.847103e-04
0.326000 7.385017e-04
0.138000 7.453433e-04
0.136000 8.163091e-04
0.330000 8.368031e-04
0.328000 8.409999e-04
0.134000 9.015494e-04
0.332000 9.167440e-04
0.334000 9.199663e-04
0.340000 9.626658e-04
0.132000 9.905565e-04
0.338000 9.975772e-04
0.336000 1.029538e-03
0.344000 1.073076e-03
0.130000 1.092531e-03
0.342000 1.146241e-03
0.128000 1.189068e-03
0.346000 1.198269e-03
0.350000 1.278085e-03
0.348000 1.280763e-03
0.126000 1.305976e-03
0.352000 1.346541e-03
0.354000 1.408510e-03
0.124000 1.430161e-03
0.356000 1.440775e-03
0.122000 1.568232e-03
0.358000 1.612717e-03
0.360000 1.646087e-03
0.120000 1.732993e-03
0.362000 1.734482e-03
0.364000 1.833088e-03
0.118000 1.914153e-03
0.366000 1.967338e-03
0.116000 2.113999e-03
0.368000 2.136174e-03
0.370000 2.210316e-03
0.372000 2.248068e-03
0.114000 2.341547e-03
0.374000 2.564826e-03
0.112000 2.598157e-03
0.376000 2.598854e-03
0.378000 2.696859e-03
0.110000 2.858046e-03
0.380000 2.963759e-03
0.382000 3.166131e-03
0.108000 3.171452e-03
0.384000 3.233350e-03
0.386000 3.275663e-03
0.388000 3.379502e-03
0.390000 3.523056e-03
0.106000 3.540976e-03
0.394000 3.717884e-03
0.392000 3.818169e-03
0.104000 3.906418e-03
0.396000 4.107939e-03
0.398000 4.148364e-03
0.400000 4.307260e-03
0.102000 4.387854e-03
0.100000 5.043824e-03
